[back.jpg]
filters=finetune2=1,0.988304,0.000000,0.000000,00000000,0.000000;
moddate=9121d9f2ab79d201
width=1920
height=1080
textactive=0
